8|$|1|$|057100001071|$||$||$||$||$|833|$|83301|$|20210722171417|$||$|4|$||$|2021SETJ|$|2021少儿推荐|$||$|10C02007001246|$|1|$|100112|701042|701043|701044|711025|711026|100088|100089|701003|701007|701008|701009|701010|701020|701021|701073|711002|711004|100115|100117|100119|100140|701063|100113|100120|100121|100122|100123|100124|100130|100131|100132|100133|100134|100135|100136|701045|701046|701047|711027|711028|711029|100127|701064|701065|701066|701077|$|5
8|$|1|$|057100001071|$||$||$||$||$|833|$|83301|$|20210722103140|$||$|4|$||$|2021SETJ|$|2021少儿推荐|$||$|10C02007001246|$|1|$|100112|701042|701043|701044|711025|711026|100088|100089|701003|701007|701008|701009|701010|701020|701021|701073|711002|711004|100115|100117|100119|100140|701063|100113|100120|100121|100122|100123|100124|100130|100131|100132|100133|100134|100135|100136|701045|701046|701047|711027|711028|711029|100127|701064|701065|701066|701077|$|5
8|$|1|$|057100001071|$||$||$||$||$|833|$|83301|$|20210722171449|$||$|4|$||$|2021SETJ|$|2021少儿推荐|$||$|10C02007001246|$|1|$|100112|701042|701043|701044|711025|711026|100088|100089|701003|701007|701008|701009|701010|701020|701021|701073|711002|711004|100115|100117|100119|100140|701063|100113|100120|100121|100122|100123|100124|100130|100131|100132|100133|100134|100135|100136|701045|701046|701047|711027|711028|711029|100127|701064|701065|701066|701077|$|5
8|$|1|$|057100001071|$||$||$||$||$|833|$|83301|$|20210722171339|$||$|4|$||$|2021SETJ|$|2021少儿推荐|$||$|10C02007001246|$|1|$|100112|701042|701043|701044|711025|711026|100088|100089|701003|701007|701008|701009|701010|701020|701021|701073|711002|711004|100115|100117|100119|100140|701063|100113|100120|100121|100122|100123|100124|100130|100131|100132|100133|100134|100135|100136|701045|701046|701047|711027|711028|711029|100127|701064|701065|701066|701077|$|5
8|$|1|$|057100001071|$||$||$||$||$|833|$|83301|$|20210722171329|$||$|4|$||$|2021SETJ|$|2021少儿推荐|$||$|10C02007001246|$|1|$|100112|701042|701043|701044|711025|711026|100088|100089|701003|701007|701008|701009|701010|701020|701021|701073|711002|711004|100115|100117|100119|100140|701063|100113|100120|100121|100122|100123|100124|100130|100131|100132|100133|100134|100135|100136|701045|701046|701047|711027|711028|711029|100127|701064|701065|701066|701077|$|5
8|$|1|$|057100001071|$||$||$||$||$|833|$|83301|$|20210722171411|$||$|4|$||$|2021SETJ|$|2021少儿推荐|$||$|10C02007001246|$|1|$|100112|701042|701043|701044|711025|711026|100088|100089|701003|701007|701008|701009|701010|701020|701021|701073|711002|711004|100115|100117|100119|100140|701063|100113|100120|100121|100122|100123|100124|100130|100131|100132|100133|100134|100135|100136|701045|701046|701047|711027|711028|711029|100127|701064|701065|701066|701077|$|5
8|$|1|$|057100001071|$||$||$||$||$|833|$|83301|$|20210722160653|$||$|4|$||$|2021SETJ|$|2021少儿推荐|$||$|10C02007001246|$|1|$|100112|701042|701043|701044|711025|711026|100088|100089|701003|701007|701008|701009|701010|701020|701021|701073|711002|711004|100115|100117|100119|100140|701063|100113|100120|100121|100122|100123|100124|100130|100131|100132|100133|100134|100135|100136|701045|701046|701047|711027|711028|711029|100127|701064|701065|701066|701077|$|5
8|$|1|$|057100001071|$||$||$||$||$|833|$|83301|$|20210722171531|$||$|4|$||$|2021SETJ|$|2021少儿推荐|$||$|10C02007001246|$|1|$|100112|701042|701043|701044|711025|711026|100088|100089|701003|701007|701008|701009|701010|701020|701021|701073|711002|711004|100115|100117|100119|100140|701063|100113|100120|100121|100122|100123|100124|100130|100131|100132|100133|100134|100135|100136|701045|701046|701047|711027|711028|711029|100127|701064|701065|701066|701077|$|5
8|$|1|$|057100001071|$||$||$||$||$|833|$|83301|$|20210722160618|$||$|4|$||$|2021SETJ|$|2021少儿推荐|$||$|10C02007001246|$|1|$|100112|701042|701043|701044|711025|711026|100088|100089|701003|701007|701008|701009|701010|701020|701021|701073|711002|711004|100115|100117|100119|100140|701063|100113|100120|100121|100122|100123|100124|100130|100131|100132|100133|100134|100135|100136|701045|701046|701047|711027|711028|711029|100127|701064|701065|701066|701077|$|5
8|$|1|$|057100001071|$||$||$||$||$|833|$|83301|$|20210722103210|$||$|4|$||$|2021SETJ|$|2021少儿推荐|$||$|10C02007001246|$|1|$|100112|701042|701043|701044|711025|711026|100088|100089|701003|701007|701008|701009|701010|701020|701021|701073|711002|711004|100115|100117|100119|100140|701063|100113|100120|100121|100122|100123|100124|100130|100131|100132|100133|100134|100135|100136|701045|701046|701047|711027|711028|711029|100127|701064|701065|701066|701077|$|5
8|$|1|$|057100001071|$||$||$||$||$|833|$|83301|$|20210722160610|$||$|4|$||$|2021SETJ|$|2021少儿推荐|$||$|10C02007001246|$|1|$|100112|701042|701043|701044|711025|711026|100088|100089|701003|701007|701008|701009|701010|701020|701021|701073|711002|711004|100115|100117|100119|100140|701063|100113|100120|100121|100122|100123|100124|100130|100131|100132|100133|100134|100135|100136|701045|701046|701047|711027|711028|711029|100127|701064|701065|701066|701077|$|5
8|$|1|$|057100001071|$||$||$||$||$|833|$|83301|$|20210722103103|$||$|4|$||$|2021SETJ|$|2021少儿推荐|$||$|10C02007001246|$|1|$|100112|701042|701043|701044|711025|711026|100088|100089|701003|701007|701008|701009|701010|701020|701021|701073|711002|711004|100115|100117|100119|100140|701063|100113|100120|100121|100122|100123|100124|100130|100131|100132|100133|100134|100135|100136|701045|701046|701047|711027|711028|711029|100127|701064|701065|701066|701077|$|5
8|$|1|$|057100001071|$||$||$||$||$|833|$|83301|$|20210722103058|$||$|4|$||$|2021SETJ|$|2021少儿推荐|$||$|10C02007001246|$|1|$|100112|701042|701043|701044|711025|711026|100088|100089|701003|701007|701008|701009|701010|701020|701021|701073|711002|711004|100115|100117|100119|100140|701063|100113|100120|100121|100122|100123|100124|100130|100131|100132|100133|100134|100135|100136|701045|701046|701047|711027|711028|711029|100127|701064|701065|701066|701077|$|5
8|$|1|$|057100001071|$||$||$||$||$|833|$|83301|$|20210722160723|$||$|4|$||$|2021SETJ|$|2021少儿推荐|$||$|10C02007001246|$|1|$|100112|701042|701043|701044|711025|711026|100088|100089|701003|701007|701008|701009|701010|701020|701021|701073|711002|711004|100115|100117|100119|100140|701063|100113|100120|100121|100122|100123|100124|100130|100131|100132|100133|100134|100135|100136|701045|701046|701047|711027|711028|711029|100127|701064|701065|701066|701077|$|5
8|$|1|$|057100001071|$||$||$||$||$|833|$|83301|$|20210722160607|$||$|4|$||$|2021XGTJ|$|2021用户画像推荐|$||$|10C02007025|$|1|$|100112|701042|701043|701044|711025|711026|100088|100089|701003|701007|701008|701009|701010|701020|701021|701073|711002|711004|100115|100117|100119|100096|100099|100109|700045|701011|701012|701019|701025|701048|711011|711012|711013|100095|100098|100108|700053|701016|701017|701018|701026|701050|711008|711009|711010|100140|701063|100113|100120|100121|100122|100123|100124|100130|100131|100132|100133|100134|100135|100136|701045|701046|701047|711027|711028|711029|100127|701064|701065|701066|701077|100129|701079|701080|701081|100111|701035|701036|701037|701039|701040|701041|100126|701051|701052|701053|701072|100097|100102|100106|100110|701013|701014|701015|701024|701027|701029|701030|701049|701071|701078|711014|711015|711016|711017|$|5
8|$|1|$|057100001071|$||$||$||$||$|833|$|83301|$|20210722103055|$||$|4|$||$|2021XGTJ|$|2021用户画像推荐|$||$|10C02007025|$|1|$|100112|701042|701043|701044|711025|711026|100088|100089|701003|701007|701008|701009|701010|701020|701021|701073|711002|711004|100115|100117|100119|100096|100099|100109|700045|701011|701012|701019|701025|701048|711011|711012|711013|100095|100098|100108|700053|701016|701017|701018|701026|701050|711008|711009|711010|100140|701063|100113|100120|100121|100122|100123|100124|100130|100131|100132|100133|100134|100135|100136|701045|701046|701047|711027|711028|711029|100127|701064|701065|701066|701077|100129|701079|701080|701081|100111|701035|701036|701037|701039|701040|701041|100126|701051|701052|701053|701072|100097|100102|100106|100110|701013|701014|701015|701024|701027|701029|701030|701049|701071|701078|711014|711015|711016|711017|$|5
8|$|1|$|057100001071|$||$||$||$||$|833|$|83301|$|20210722102928|$||$|4|$||$|2021SQHD|$|2021暑期活动|$||$|10C02007025|$|1|$|100112|701042|701043|701044|711025|711026|100088|100089|701003|701007|701008|701009|701010|701020|701021|701073|711002|711004|100115|100117|100119|100096|100099|100109|700045|701011|701012|701019|701025|701048|711011|711012|711013|100095|100098|100108|700053|701016|701017|701018|701026|701050|711008|711009|711010|100140|701063|100113|100120|100121|100122|100123|100124|100130|100131|100132|100133|100134|100135|100136|701045|701046|701047|711027|711028|711029|100127|701064|701065|701066|701077|100129|701079|701080|701081|100111|701035|701036|701037|701039|701040|701041|100126|701051|701052|701053|701072|100097|100102|100106|100110|701013|701014|701015|701024|701027|701029|701030|701049|701071|701078|711014|711015|711016|711017|$|5
8|$|1|$|057100001071|$||$||$||$||$|833|$|83301|$|20210722160443|$||$|4|$||$|2021SQHD|$|2021暑期活动|$||$|10C02007025|$|1|$|100112|701042|701043|701044|711025|711026|100088|100089|701003|701007|701008|701009|701010|701020|701021|701073|711002|711004|100115|100117|100119|100096|100099|100109|700045|701011|701012|701019|701025|701048|711011|711012|711013|100095|100098|100108|700053|701016|701017|701018|701026|701050|711008|711009|711010|100140|701063|100113|100120|100121|100122|100123|100124|100130|100131|100132|100133|100134|100135|100136|701045|701046|701047|711027|711028|711029|100127|701064|701065|701066|701077|100129|701079|701080|701081|100111|701035|701036|701037|701039|701040|701041|100126|701051|701052|701053|701072|100097|100102|100106|100110|701013|701014|701015|701024|701027|701029|701030|701049|701071|701078|711014|711015|711016|711017|$|5
8|$|1|$|057100001071|$||$||$||$||$|833|$|83301|$|20210722171322|$||$|4|$||$|2021SQHD|$|2021暑期活动|$||$|10C02007025|$|1|$|100112|701042|701043|701044|711025|711026|100088|100089|701003|701007|701008|701009|701010|701020|701021|701073|711002|711004|100115|100117|100119|100096|100099|100109|700045|701011|701012|701019|701025|701048|711011|711012|711013|100095|100098|100108|700053|701016|701017|701018|701026|701050|711008|711009|711010|100140|701063|100113|100120|100121|100122|100123|100124|100130|100131|100132|100133|100134|100135|100136|701045|701046|701047|711027|711028|711029|100127|701064|701065|701066|701077|100129|701079|701080|701081|100111|701035|701036|701037|701039|701040|701041|100126|701051|701052|701053|701072|100097|100102|100106|100110|701013|701014|701015|701024|701027|701029|701030|701049|701071|701078|711014|711015|711016|711017|$|5
8|$|1|$|057100001071|$||$||$||$||$|833|$|83301|$|20210722202612|$||$|4|$||$|2021SQHD|$|2021暑期活动|$||$|10C02007025|$|1|$|100112|701042|701043|701044|711025|711026|100088|100089|701003|701007|701008|701009|701010|701020|701021|701073|711002|711004|100115|100117|100119|100096|100099|100109|700045|701011|701012|701019|701025|701048|711011|711012|711013|100095|100098|100108|700053|701016|701017|701018|701026|701050|711008|711009|711010|100140|701063|100113|100120|100121|100122|100123|100124|100130|100131|100132|100133|100134|100135|100136|701045|701046|701047|711027|711028|711029|100127|701064|701065|701066|701077|100129|701079|701080|701081|100111|701035|701036|701037|701039|701040|701041|100126|701051|701052|701053|701072|100097|100102|100106|100110|701013|701014|701015|701024|701027|701029|701030|701049|701071|701078|711014|711015|711016|711017|$|5
8|$|1|$|1570100069236596|$||$||$||$||$|833|$|83308|$|20210722151341|$||$|4|$||$|2021SQHD|$|2021暑期活动|$||$|10C02007025|$|1|$|100112|701042|701043|701044|711025|711026|100088|100089|701003|701007|701008|701009|701010|701020|701021|701073|711002|711004|100115|100117|100119|100096|100099|100109|700045|701011|701012|701019|701025|701048|711011|711012|711013|100095|100098|100108|700053|701016|701017|701018|701026|701050|711008|711009|711010|100140|701063|100113|100120|100121|100122|100123|100124|100130|100131|100132|100133|100134|100135|100136|701045|701046|701047|711027|711028|711029|100127|701064|701065|701066|701077|100129|701079|701080|701081|100111|701035|701036|701037|701039|701040|701041|100126|701051|701052|701053|701072|100097|100102|100106|100110|701013|701014|701015|701024|701027|701029|701030|701049|701071|701078|711014|711015|711016|711017|$|5
8|$|1|$|1570100467865976|$||$||$||$||$|833|$|83308|$|20210722125318|$||$|4|$||$|2021SQHD|$|2021暑期活动|$||$|10C02007025|$|1|$|100112|701042|701043|701044|711025|711026|100088|100089|701003|701007|701008|701009|701010|701020|701021|701073|711002|711004|100115|100117|100119|100096|100099|100109|700045|701011|701012|701019|701025|701048|711011|711012|711013|100095|100098|100108|700053|701016|701017|701018|701026|701050|711008|711009|711010|100140|701063|100113|100120|100121|100122|100123|100124|100130|100131|100132|100133|100134|100135|100136|701045|701046|701047|711027|711028|711029|100127|701064|701065|701066|701077|100129|701079|701080|701081|100111|701035|701036|701037|701039|701040|701041|100126|701051|701052|701053|701072|100097|100102|100106|100110|701013|701014|701015|701024|701027|701029|701030|701049|701071|701078|711014|711015|711016|711017|$|5
8|$|1|$|1570100467865976|$||$||$||$||$|833|$|83308|$|20210722213518|$||$|4|$||$|2021SQHD|$|2021暑期活动|$||$|10C02007025|$|1|$|100112|701042|701043|701044|711025|711026|100088|100089|701003|701007|701008|701009|701010|701020|701021|701073|711002|711004|100115|100117|100119|100096|100099|100109|700045|701011|701012|701019|701025|701048|711011|711012|711013|100095|100098|100108|700053|701016|701017|701018|701026|701050|711008|711009|711010|100140|701063|100113|100120|100121|100122|100123|100124|100130|100131|100132|100133|100134|100135|100136|701045|701046|701047|711027|711028|711029|100127|701064|701065|701066|701077|100129|701079|701080|701081|100111|701035|701036|701037|701039|701040|701041|100126|701051|701052|701053|701072|100097|100102|100106|100110|701013|701014|701015|701024|701027|701029|701030|701049|701071|701078|711014|711015|711016|711017|$|5
8|$|1|$|1570100568714782|$||$||$||$||$|833|$|83308|$|20210722134826|$||$|4|$||$|2021HJTJ|$|2021好剧推荐|$||$|10C02007001244|$|1|$|100112|701042|701043|701044|711025|711026|100096|100099|100109|700045|701011|701012|701019|701025|701048|711011|711012|711013|100140|701063|100113|100120|100121|100122|100123|100124|100130|100131|100132|100133|100134|100135|100136|701045|701046|701047|711027|711028|711029|100127|701064|701065|701066|701077|100097|100102|100106|100110|701013|701014|701015|701024|701027|701029|701030|701049|701071|701078|711014|711015|711016|711017|$|5
8|$|1|$|1570100568714782|$||$||$||$||$|833|$|83308|$|20210722092736|$||$|4|$||$|2021HJTJ|$|2021好剧推荐|$||$|10C02007001244|$|1|$|100112|701042|701043|701044|711025|711026|100096|100099|100109|700045|701011|701012|701019|701025|701048|711011|711012|711013|100140|701063|100113|100120|100121|100122|100123|100124|100130|100131|100132|100133|100134|100135|100136|701045|701046|701047|711027|711028|711029|100127|701064|701065|701066|701077|100097|100102|100106|100110|701013|701014|701015|701024|701027|701029|701030|701049|701071|701078|711014|711015|711016|711017|$|5
8|$|1|$|1570100568714782|$||$||$||$||$|833|$|83308|$|20210722090709|$||$|4|$||$|2021HJTJ|$|2021好剧推荐|$||$|10C02007001244|$|1|$|100112|701042|701043|701044|711025|711026|100096|100099|100109|700045|701011|701012|701019|701025|701048|711011|711012|711013|100140|701063|100113|100120|100121|100122|100123|100124|100130|100131|100132|100133|100134|100135|100136|701045|701046|701047|711027|711028|711029|100127|701064|701065|701066|701077|100097|100102|100106|100110|701013|701014|701015|701024|701027|701029|701030|701049|701071|701078|711014|711015|711016|711017|$|5
8|$|1|$|1570100568714782|$||$||$||$||$|833|$|83308|$|20210722132659|$||$|4|$||$|2021HJTJ|$|2021好剧推荐|$||$|10C02007001244|$|1|$|100112|701042|701043|701044|711025|711026|100096|100099|100109|700045|701011|701012|701019|701025|701048|711011|711012|711013|100140|701063|100113|100120|100121|100122|100123|100124|100130|100131|100132|100133|100134|100135|100136|701045|701046|701047|711027|711028|711029|100127|701064|701065|701066|701077|100097|100102|100106|100110|701013|701014|701015|701024|701027|701029|701030|701049|701071|701078|711014|711015|711016|711017|$|5
8|$|1|$|1570100568714782|$||$||$||$||$|833|$|83308|$|20210722195326|$||$|4|$||$|2021HJTJ|$|2021好剧推荐|$||$|10C02007001244|$|1|$|100112|701042|701043|701044|711025|711026|100096|100099|100109|700045|701011|701012|701019|701025|701048|711011|711012|711013|100140|701063|100113|100120|100121|100122|100123|100124|100130|100131|100132|100133|100134|100135|100136|701045|701046|701047|711027|711028|711029|100127|701064|701065|701066|701077|100097|100102|100106|100110|701013|701014|701015|701024|701027|701029|701030|701049|701071|701078|711014|711015|711016|711017|$|5
